0 0.13203125 0.2171875 0.1640625 0.31171875
0 0.33515625 0.1890625 0.29765625 0.3734375
0 0.23984375 0.5015625 0.328125 0.4
0 0.53828125 0.409375 0.30390625 0.3921875
0 0.815625 0.2921875 0.2921875 0.3921875
0 0.7328125 0.1 0.2578125 0.2
0 0.51796875 0.09609375 0.22421875 0.18671875
0 0.60234375 0.2296875 0.16796875 0.14375
0 0.92109375 0.10703125 0.13828125 0.11171875
0 0.9421875 0.04921875 0.11171875 0.0984375
0 0.97890625 0.2453125 0.0421875 0.2984375
0 0.45 0.775 0.315625 0.39765625
0 0.70078125 0.65703125 0.25390625 0.40234375
0 0.90546875 0.58359375 0.1890625 0.3953125
0 0.21796875 0.81484375 0.19609375 0.29609375
0 0.275 0.9421875 0.278125 0.115625
0 0.55625 0.915625 0.2640625 0.16796875
0 0.81796875 0.87421875 0.2609375 0.2515625
0 0.96015625 0.86953125 0.0796875 0.18125