0 0.08125 0.07578125 0.159375 0.146875
0 0.240625 0.096875 0.18125 0.1890625
0 0.415625 0.07578125 0.196875 0.146875
0 0.5390625 0.1203125 0.15625 0.1984375
0 0.68046875 0.09453125 0.1546875 0.184375
0 0.81484375 0.14140625 0.1828125 0.25
0 0.8921875 0.05703125 0.146875 0.1140625
0 0.9 0.2265625 0.146875 0.22421875
0 0.14765625 0.23125 0.1765625 0.22890625
0 0.04609375 0.209375 0.0890625 0.2078125
0 0.09375 0.41484375 0.128125 0.1703125
0 0.23203125 0.38671875 0.1515625 0.2453125
0 0.3296875 0.2125 0.146875 0.21484375
0 0.4515625 0.26015625 0.159375 0.315625
0 0.6 0.27890625 0.159375 0.296875
0 0.71875 0.325 0.153125 0.23359375
0 0.87421875 0.39921875 0.1265625 0.21953125
0 0.95703125 0.49453125 0.0859375 0.2921875
0 0.353125 0.37734375 0.090625 0.1328125
0 0.4734375 0.4734375 0.2125 0.221875
0 0.0453125 0.55390625 0.0875 0.25703125
0 0.17890625 0.6109375 0.1984375 0.2546875
0 0.3234375 0.5359375 0.153125 0.2078125
0 0.40390625 0.6484375 0.1359375 0.221875
0 0.54140625 0.6953125 0.1765625 0.2734375
0 0.6578125 0.58203125 0.140625 0.21015625
0 0.596875 0.46875 0.109375 0.175
0 0.75546875 0.5125 0.1609375 0.1890625
0 0.784375 0.36953125 0.0875 0.14921875
0 0.84453125 0.6125 0.1640625 0.24765625
0 0.95390625 0.6625 0.0921875 0.175
0 0.07421875 0.825 0.1359375 0.29453125
0 0.2109375 0.8296875 0.14375 0.20078125
0 0.3046875 0.7375 0.11875 0.2078125
0 0.403125 0.875 0.153125 0.2453125
0 0.28359375 0.90625 0.1296875 0.18671875
0 0.15390625 0.925 0.1390625 0.14921875
0 0.5328125 0.9078125 0.175 0.184375
0 0.6328125 0.77578125 0.125 0.19609375
0 0.746875 0.828125 0.215625 0.2265625
0 0.92734375 0.8515625 0.1453125 0.2125
0 0.69609375 0.9390625 0.1703125 0.121875
0 0.82578125 0.9265625 0.1234375 0.146875
0 0.76328125 0.69609375 0.1421875 0.18203125