0 0.040625 0.07578125 0.08125 0.1515625
0 0.1703125 0.13203125 0.21171875 0.25859375
0 0.35703125 0.09765625 0.18203125 0.19453125
0 0.5640625 0.0890625 0.171875 0.178125
0 0.465625 0.13359375 0.1078125 0.165625
0 0.775 0.1625 0.2140625 0.2453125
0 0.94453125 0.15625 0.1109375 0.21875
0 0.93671875 0.371875 0.12578125 0.290625
0 0.853125 0.290625 0.121875 0.17578125
0 0.040625 0.3109375 0.08125 0.315625
0 0.13828125 0.3546875 0.17578125 0.21875
0 0.28671875 0.3171875 0.19375 0.21328125
0 0.4828125 0.34296875 0.19765625 0.253125
0 0.04609375 0.4921875 0.08828125 0.253125
0 0.221875 0.49453125 0.15625 0.184375
0 0.1578125 0.64140625 0.18828125 0.2640625
0 0.34765625 0.52265625 0.16015625 0.2296875
0 0.04609375 0.73984375 0.0921875 0.24765625
0 0.14375 0.86796875 0.228125 0.2640625
0 0.028125 0.934375 0.05625 0.13046875
0 0.32734375 0.934375 0.18203125 0.13046875
0 0.36015625 0.75703125 0.1921875 0.22421875
0 0.50234375 0.615625 0.20390625 0.271875
0 0.70625 0.334375 0.24765625 0.31171875
0 0.64296875 0.49453125 0.19765625 0.24296875
0 0.609375 0.2203125 0.121875 0.24296875
0 0.52109375 0.87578125 0.1859375 0.24765625
0 0.7140625 0.90625 0.209375 0.1875
0 0.7046875 0.6796875 0.20625 0.2984375
0 0.875 0.58828125 0.24609375 0.32265625
0 0.8921875 0.88125 0.1796875 0.23203125
0 0.7203125 0.0359375 0.15234375 0.071875