0 0.1265625 0.44296875 0.1125 0.30703125
0 0.25078125 0.39140625 0.1265625 0.275
0 0.3671875 0.3984375 0.121875 0.28203125
0 0.49296875 0.36953125 0.1203125 0.275
0 0.61171875 0.3109375 0.1171875 0.20703125
0 0.72109375 0.3375 0.0921875 0.20390625
0 0.8140625 0.39140625 0.096875 0.2390625
0 0.91015625 0.42109375 0.0890625 0.2
0 0.903125 0.78359375 0.1125 0.31796875
0 0.79765625 0.69296875 0.0921875 0.24296875
0 0.7109375 0.7359375 0.10625 0.27109375
0 0.5984375 0.75390625 0.128125 0.37890625
0 0.4796875 0.70703125 0.10625 0.2859375
0 0.3609375 0.75 0.1375 0.27109375
0 0.2328125 0.69453125 0.1125 0.33203125
0 0.10859375 0.7015625 0.1265625 0.225