0 0.48984375 0.90859375 0.1265625 0.1828125
0 0.56953125 0.846875 0.0953125 0.17734375
0 0.39453125 0.753125 0.1203125 0.20234375
0 0.375 0.58984375 0.109375 0.16328125
0 0.43671875 0.48046875 0.1015625 0.1796875
0 0.52109375 0.53125 0.0609375 0.16328125
0 0.5984375 0.57265625 0.10625 0.196875
0 0.721875 0.53125 0.134375 0.196875
0 0.61171875 0.36484375 0.1234375 0.2078125
0 0.68359375 0.2203125 0.1046875 0.165625
0 0.8015625 0.2078125 0.13125 0.190625
0 0.93828125 0.10390625 0.1234375 0.2078125
0 0.828125 0.07265625 0.109375 0.1453125
0 0.7296875 0.12109375 0.103125 0.140625
0 0.67109375 0.059375 0.1234375 0.11796875
0 0.51875 0.07890625 0.171875 0.1515625
0 0.55859375 0.23046875 0.1234375 0.15703125
0 0.71171875 0.34375 0.1171875 0.1375
0 0.81640625 0.4 0.0984375 0.2109375
0 0.91484375 0.48046875 0.1359375 0.21875
0 0.94765625 0.28359375 0.1015625 0.18515625
0 0.871875 0.34296875 0.075 0.14609375
0 0.81875 0.6703125 0.13125 0.2046875
0 0.8671875 0.85078125 0.13125 0.225
0 0.946875 0.67421875 0.090625 0.1796875
0 0.746875 0.73984375 0.103125 0.19921875
0 0.70078125 0.87890625 0.1109375 0.21328125
0 0.79296875 0.915625 0.1015625 0.16875
0 0.6375 0.725 0.121875 0.190625
0 0.50625 0.734375 0.09375 0.17734375
0 0.29609375 0.959375 0.0984375 0.08125
0 0.1703125 0.9390625 0.125 0.121875
0 0.075 0.93828125 0.09375 0.1234375
0 0.0484375 0.82421875 0.0875 0.165625
0 0.14765625 0.815625 0.1171875 0.17734375
0 0.2921875 0.8203125 0.134375 0.20234375
0 0.3875 0.9578125 0.0875 0.084375
0 0.62421875 0.96640625 0.0921875 0.0671875
0 0.940625 0.93203125 0.11875 0.1359375
0 0.08671875 0.69375 0.0953125 0.15703125
0 0.1890625 0.6671875 0.084375 0.165625
0 0.27265625 0.65703125 0.0890625 0.14609375
0 0.3046875 0.4734375 0.103125 0.165625
0 0.21484375 0.5 0.0890625 0.17421875
0 0.15390625 0.5703125 0.0703125 0.1515625
0 0.0890625 0.54921875 0.08125 0.165625
0 0.03203125 0.6390625 0.0640625 0.17109375
0 0.13125 0.43984375 0.075 0.14296875
0 0.13203125 0.2921875 0.1015625 0.17421875
0 0.23671875 0.303125 0.0859375 0.14609375
0 0.03828125 0.4984375 0.0765625 0.13203125
0 0.04609375 0.38359375 0.0890625 0.14296875
0 0.07890625 0.18671875 0.0921875 0.14296875
0 0.2828125 0.10234375 0.1 0.165625
0 0.196875 0.18984375 0.1 0.11484375
0 0.371875 0.06171875 0.090625 0.1234375
0 0.2953125 0.221875 0.115625 0.1515625
0 0.41875 0.11796875 0.103125 0.14609375
0 0.39921875 0.32734375 0.1046875 0.2109375
0 0.48828125 0.32421875 0.0890625 0.165625
0 0.340625 0.3578125 0.059375 0.1265625
0 0.375 0.2375 0.08125 0.14296875
0 0.453125 0.6515625 0.0875 0.12890625
0 0.55546875 0.67109375 0.0890625 0.12890625
0 0.60703125 0.12890625 0.0859375 0.1125
0 0.8359375 0.553125 0.09375 0.10078125
0 0.17421875 0.065625 0.0921875 0.1265625